100787
101162
105487
1089444
1159556
120017
122368
123356
129394
13131
13164
132184
134874
13563
135779
135859
140110
143451
148305
153609
1585795
160389
1682391
169388
180957
183190
1873960
1930
203908
204038
226899
230439
232082
2371
2488639
272952
27337
27357
27358
278938
28447
285811
29001
29003
290576
29438
29442
29447
29471
29905
29920
305
312341
31243
31870
321
322
323
337
339
340
346
347
35717
358
360094
36090
360920
36651
36746
373
38038
38448
39703
40125
40296
40559
40993
426428
43
43353
442429
442694
45133
456327
456999
474922
4779
4784
4787
47877
4792
48100
4922
5016
5017
5022
5025
5059
51029
5111
5116
5127
5128
5158
5180
5261
5270
53413
53485
5454
5457
5462
5465
5466
54734
5499
552
55208
553
554
555
5563
5599
56454
574096
59765
611301
61369
62688
6303
6326
64187
64363
65070
66269
66271
67593
67825
685502
690256
702518
70790
71657
76659
77044
78398
80869
83344
84275
85558
86840
914237
93612
948311
