106654
121759
1263550
1280
1282
1306
1307
1309
1311
1313
1314
13349
1336
13373
1346
1348
1349
1351
1352
1358
139
1392
140
1464
147375
149539
1496
1502
158
162425
1639
1717
173
176275
1764
1772
1773
1774
1781
178876
197
199306
2096
210
2110
212663
235
263
264
27334
28035
2813651
28171
28450
286115
287
28901
28903
292
292817
29385
294
29459
29461
29486
29488
29875
29908
329
34085
36470
36809
36911
37769
38293
40324
413502
42374
42897
430498
444163
446
46012
470
475271
485
487
488447
4932
498019
498217
5037
5039
504
518
520
5207
523103
535744
536
5476
5478
5480
5482
5501
5503
552467
552546
5530
5551
55601
562
5664
5665
5671
568076
5691
5693
573
57975
5811
5821
5833
584
5970
615
623
628
630
632
633
636
644
64495
645
65058
663
666
669
670
672
67780
680
715
727
728
730
738
746128
777
78331
80884
813
83558
83560
837
90371
92637
93591
95486
96345
992166
